DriveData = [0
0
0
0
0
3
5.9
8.6
11.5
14.3
16.9
17.3
18.1
20.7
21.7
22.4
22.5
22.1
21.5
20.9
20.4
19.8
17
14.9
14.9
15.2
15.5
16
17.1
19.1
21.1
22.7
22.9
22.7
22.6
21.3
19
17.1
15.8
15.8
17.7
19.8
21.6
23.2
24.2
24.6
24.9
25
25.7
26.1
26.7
27.5
28.6
29.3
29.8
30.1
30.4
30.7
30.7
30.5
30.4
30.3
30.4
30.8
30.4
29.9
29.5
29.8
30.3
30.7
30.9
31
30.9
30.4
29.8
29.9
30.2
30.7
31.2
31.8
32.2
32.4
32.2
31.7
28.6
25.1
21.6
18.1
14.6
11.1
7.6
4.1
0.6
0
0
0
0
0
3.3
6.6
9.9
13.2
16.5
19.8
22.2
24.3
25.8
26.4
25.7
25.1
24.7
25.2
25.4
27.2
26.5
24
22.7
19.4
17.7
17.2
18.1
18.6
20
20.7
21.7
22.4
22.5
22.1
21.5
20.9
20.4
19.8
17
17.1
15.8
15.8
17.7
19.8
21.6
22.2
24.5
24.7
24.8
24.7
24.6
24.6
25.1
25.6
25.7
25.4
24.9
25
25.4
26
26
25.7
26.1
26.7
27.3
30.5
33.5
36.2
37.3
39.3
40.5
42.1
43.5
45.1
46
46.8
47.5
47.5
47.3
47.2
47.2
47.4
47.9
48.5
49.1
49.5
50
50.6
51
51.5
52.2
53.2
54.1
54.6
54.9
55
54.9
54.6
54.6
54.8
55.1
55.5
55.7
56.1
56.3
56.6
56.7
56.7
56.3
56
55
53.4
51.6
51.8
52.1
52.5
53
53.5
54
54.9
55.4
55.6
56
56
55.8
55.2
54.5
53.6
52.5
51.5
50.5
48
44.5
41
37.5
34
30.5
27
23.5
20
16.5
13
9.5
6
2.5
0
0];
Time = (0:1:240)';

